100
228 469 286 364 551 1
204 223 196 21 185 473
200 168 59 0 395 420
703 412 706 197 663 329
671 369 713 235 219 535
502 431 474 375 379 252
220 122 137 11 360 141
753 600 758 574 363 326
501 272 740 223 285 94
693 541 666 371 161 441
800 149 726 40 479 459
526 99 641 47 771 547
663 384 719 242 555 129
151 376 44 257 307 369
504 486 741 469 577 103
113 481 360 369 470 498
581 408 644 293 436 184
376 226 490 202 53 256
286 464 201 326 656 182
312 600 326 456 234 155
639 436 710 313 463 557
655 189 738 104 266 482
175 240 216 143 563 411
534 126 553 0 170 204
542 252 759 99 637 319
356 478 466 304 304 167
365 134 428 22 577 525
363 25 566 14 417 548
440 600 247 409 273 487
713 329 786 187 42 148
574 237 800 165 778 80
646 299 666 104 700 305
0 251 121 31 618 78
132 192 135 153 139 6
347 268 369 11 600 112
451 215 516 139 56 445
369 561 460 516 282 560
106 344 347 338 181 555
788 398 665 223 543 376
356 219 420 127 226 415
253 102 404 10 283 232
784 324 800 139 796 391
672 362 663 256 496 156
467 600 573 448 391 482
767 600 770 403 142 87
220 600 287 483 537 235
13 465 171 324 143 504
721 470 800 462 391 19
633 396 651 171 607 346
800 600 800 522 578 522
60 254 154 142 424 464
800 600 744 481 275 105
376 600 446 480 148 552
564 271 699 241 678 421
525 441 728 387 621 576
460 352 637 272 23 269
494 161 733 158 94 554
0 69 173 52 253 496
76 438 107 347 489 197
605 174 766 79 658 479
544 226 659 0 129 360
792 567 708 511 376 470
83 600 156 534 257 306
800 387 800 269 645 330
217 201 364 0 476 94
596 444 770 392 495 476
458 442 401 234 113 290
637 150 576 39 753 469
153 113 229 35 746 248
50 353 163 346 391 33
362 269 504 251 580 276
170 450 370 375 713 107
788 365 681 213 525 250
768 369 673 250 617 389
751 373 551 274 294 319
605 483 799 376 465 288
0 600 211 574 611 94
334 338 267 120 668 177
267 176 263 116 26 155
0 549 75 515 665 389
236 483 34 301 139 202
278 275 435 73 74 487
173 579 324 572 405 147
487 251 512 87 624 286
362 193 628 175 423 8
622 527 708 387 352 451
242 456 138 241 619 153
255 512 390 416 619 31
635 391 800 360 127 84
0 97 71 85 253 92
172 163 282 110 249 189
624 468 782 408 360 508
185 511 348 499 309 183
497 213 764 82 372 106
68 140 61 0 524 39
296 600 262 460 516 421
343 311 509 96 574 81
448 472 399 387 3 459
236 541 218 407 574 298
292 600 435 547 301 393
